30905871
30904192
30904077
30903144
30902854
30902785
30902113
30901847
30901843
30901643
30901534
30901505
30901128
30900136
30900006
30899254
30899180
30899033
30898652
30898140
30897248
30895843
30895406
30894435
30894139
30894059
30893890
30891366
30891034
30890906
30890181
30889229
30887877
30887686
30886779
30886772
30886359
30886350
30885807
30885780
30885720
30885689
30885626
30885397
30885294
30885266
30885224
30885206
30884876
30884638
30882592
30881924
30878492
30878035
30877015
30876405
30875864
30875404
30875247
30875042
30875036
30873724
30872807
30872803
30872712
30872659
30871856
30871469
30871459
30871224
30871085
30870464
30868805
30867587
30867546
30867542
30867497
30867308
30866822
30866812
30866714
30866521
30866512
30864784
30864339
30864326
30864226
30863724
30863691
30863681
30863388
30863381
30863380
30863369
30862830
30861447
30860877
30860572
30858836
30858573
30858509
30858464
30857856
30856245
30856229
30853940
30853704
30853065
30853028
30852315
30852309
30851428
30851368
30851141
30851123
30851083
30850636
30850433
30850431
30848090
30847760
30847068
30846976
30846762
30844545
30844070
30843322
30842565
30842490
30842211
30841606
30841520
30841491
30841395
30838598
30838416
30838178
30837951
30837612
30837511
30837458
30837341
30837339
30836173
30834996
30834332
30834326
30834068
30833934
30833730
30833729
30833728
30833676
30833550
30832984
30832740
30832730
30832616
30832576
30832245
30831513
30830220
30828378
30828325
30826702
30826613
30826606
30825371
30824917
30824791
30824633
30824335
30822726
30820491
30819245
30816928
30816927
30816674
30816592
30816276
30816235
30815668
30814921
30814504
30814220
30813950
30813540
30813498
30810996
30810995
30810441
30809711
30809472
30809304
30809252
30809227
30809011
30809010
30808753
30808694
30808411
30808380
30808306
30808292
30807598
30806942
30806802
30806063
30806022
30805695
30804923
30804916
30804909
30804903
30804813
30804518
30802772
30802355
30802245
30802241
30801645
30801062
30801026
30801021
30800603
30800169
30800107
30800106
30799264
30798243
30798235
30796503
30794590
30794288
30793504
30792397
30791436
30790413
30789326
30788781
30788772
30787921
30787417
30787410
30787169
30786927
30785912
30785347
30784601
30783771
30783213
30783153
30783103
30782660
30782659
30782566
30782206
30781951
30779309
30779273
30778224
30778155
30777801
30777732
30777011
30775338
30774969
30774267
30774010
30773532
30773302
30773139
30772567
30772134
30771735
30771442
30770850
30770768
30769104
30768760
30768641
30767012
30765765
30765709
30764497
30763538
30762914
30761723
30761333
30761142
30761108
30761104
30760820
30759800
30759613
30759596
30759585
30758305
30755848
30755734
30755506
30755154
30748086
30747914
30747106
30746561
30746494
30746442
30745586
30744870
30744159
30743828
30743822
30742684
30742071
30742057
30741985
30741334
30740092
30739073
30738947
30738924
30737865
30737678
30737379
30737349
30737174
30736849
30735978
30735616
30735254
30734843
30733714
30733546
30733472
30733463
30729757
30729265
30729070
30728468
30728280
30728279
30728080
30728065
30726303
30725462
30724442
30724441
30724439
30724437
30723610
30720800
30720420
30719705
30719076
30718896
30718881
30718869
30718868
30718848
30718806
30718727
30718047
30717674
30717665
30717284
30716065
30715617
30715365
30715242
30713820
30712189
30711887
30710817
30710781
30709420
30709355
30709012
30708164
30706916
30705275
30704903
30704595
30702898
30701765
30701707
30701587
30701229
30701194
30701191
30701137
30701077
30700057
30699048
30698687
30698645
30697958
30696918
30696861
30696742
30696735
30696492
30695998
30694507
30693949
30693008
30692979
30692672
30692556
30691652
30691532
30691529
30690359
30689834
30689669
30689286
30687779
30687284
30687279
30687241
30685659
30685386
30685331
30684744
30683956
30683920
30683856
30683748
30681281
30680888
30680877
30680826
30680143
30679638
30679061
30678352
30678330
30678005
30677208
30677104
30675371
30674646
30674644
30674352
30673701
30673580
30673217
30671359
30671194
30671046
30670612
30670143
30669548
30669085
30669041
30669029
30668611
30667580
30666828
30666248
30666247
30665461
30665024
30664775
30664014
30661755
30661109
30660184
30659861
30659857
30659724
30658995
30658982
30658981
30658977
30658973
30658727
30658700
30658400
30658055
30657979
30657007
30656204
30656069
30655514
30655087
30167467
30654102
30652494
30651609
30651402
30649386
30649296
30649283
30649204
30649168
30649166
30648419
30648011
30647460
30645605
30644013
30643883
30643240
30643213
30643200
30642389
30642268
30640944
30640905
30640566
30640553
30639767
30637962
30637337
30636420
30636326
30635385
30635078
30635058
30635018
30635006
30632960
30632609
30632017
30631958
30631769
30631651
30631318
30631102
30630933
30629718
30629604
30629185
30628657
30627872
30626904
30626868
30626052
30626002
30625669
30625356
30624643
30624596
30623484
30623233
30623212
30622518
30622259
30622080
30621881
30621868
30621867
30621760
30621600
30620035
30619927
30619848
30619804
30619779
30619503
30619215
30619209
30619206
30619174
30619142
30619134
30619130
30619117
30619102
30618066
30616913
30616051
30612540
30612183
30612083
30612042
30610394
30610284
30609942
30609941
30609875
30609847
30608881
30607855
30606844
30606403
30606251
30606162
30605809
30604012
30602367
30602085
30602083
30602082
30601862
30600356
30599960
30599936
30599328
30598099
30598080
34112375
32159077
30597257
30597002
30596893
30596703
30594064
30592753
30592383
30590681
30590603
30589932
30589606
30588856
30588567
30588558
30587246
30587241
30587202
30587114
30586509
30585382
30584534
30584255
30584235
30584008
30583205
30583171
30582776
30582346
30582061
30581925
30581850
30581671
30581574
30581419
30581271
30580413
30580412
30580031
30579360
30579332
30579213
30579193
30578963
30578804
30578268
30578263
30577803
30576749
30576430
30576077
30575381
30575285
30574802
30574559
30574558
30574136
30572955
30572101
30569277
30568647
30568637
30567928
30567558
30565880
30565684
30565165
30564225
30564204
30563894
30563591
30562947
30562162
30561396
30561093
30560161
30559737
30559407
30559406
30559311
30559036
30558682
30558669
30558668
30556814
30555706
30555453
30555447
30555443
30555434
30555424
30554770
30554441
30552976
30552020
30551580
30551574
30551044
30547761
30547216
30547029
30546094
30545417
30545401
30545218
30544936
30544159
30544151
30543873
30542336
30542327
30541782
30541441
30524957
30524416
30523166
30523039
30523036
30522530
30522523
30522439
30540709
30538693
30537931
30537922
30536648
30535578
30534962
30534599
30533941
30533904
30533855
30533830
30533778
30533746
30533733
30533726
30533707
30533635
30532742
30532656
30532649
30532085
30531976
30530602
30529942
30529583
30529535
30529208
30528588
30528431
30528276
30526683
30526624
30525954
30525951
30525950
32831346
30521551
30520232
30519555
30518563
30518415
30518356
30518125
30508036
30507071
30506554
30506399
30505946
30505899
30505830
30505061
30504906
30504850
30504642
30504213
30504145
30503454
30502941
30517025
30514872
30514367
30514364
30513942
30513931
30510769
30510544
30510171
30509257
30504079
30502597
33833903
30500759
30500755
30500682
30499334
30498478
30498254
30498220
30498029
30497919
30497517
30497364
30497362
30497052
30496201
30496195
30496187
30489678
30489677
30487783
30487780
30487175
30486439
30486388
30486338
30486337
30485662
30485448
30483906
30482864
30482837
30482830
30482798
30482513
30482240
30481710
30481069
30479613
30479342
30479272
30478535
30478343
30478001
30477901
30477563
30476443
30475995
30474727
30474490
30473288
30472727
30472682
30471600
30471158
30470770
30470746
30470230
30470178
30469432
30468938
30465678
30465105
30464766
30464240
30463925
30462678
30462578
30462522
30462168
30461157
30459724
30459421
30459334
30459313
30459201
30458701
30457937
30455068
30453904
30453603
30453276
30453138
30453071
30452938
30452102
30451857
30451355
30450395
30450139
30450127
30449351
30449316
30449244
30448738
30447983
30447893
30447151
30446553
30446434
30446169
30445993
30445563
30445325
30445181
30444087
30443861
30443602
30442907
30441786
30440884
30440633
30440093
30430271
30429253
30427852
30427574
30425894
30425704
30425690
30425689
30425247
30424933
30424824
30424821
30423107
30423080
30423069
30423048
30422704
30421297
30420843
30420838
30420687
30420594
30420263
30419949
30419782
30418610
30418481
30418043
30417889
30417114
30417110
30417108
30416839
30416642
30416499
30416492
30416489
30416033
30415264
30414312
30414158
30413731
30413677
30413473
30412889
30412047
30411190
30409984
30409177
30408669
30407573
30406643
30406048
30406041
30406038
30405973
30405597
30405589
30405577
30405551
30405201
30405146
30405065
30404941
30404810
30404694
32185014
30403636
30403635
30401779
30401770
30400812
30399172
30398115
30398110
30397794
30397546
30397357
30397356
30397342
30397237
30396371
30396006
30395567
30394664
30394652
30394313
30392911
30392727
30390805
30390617
30390509
30389965